220.000000 1043.455195
218.764816 1031.397604
217.534247 1019.469629
216.308266 1007.669879
215.086849 995.996973
213.869969 984.449549
212.657602 973.026260
211.449722 961.725772
210.246305 950.546768
209.047326 939.487943
207.852761 928.548011
206.662584 917.725694
205.476773 907.019734
204.295302 896.428884
203.118149 885.951911
201.945289 875.587595
200.776699 865.334732
199.612356 855.192129
198.452237 845.158607
197.296319 835.233000
196.144578 825.414155
194.996993 815.700931
193.853541 806.092200
192.714200 796.586846
191.578947 787.183767
190.447761 777.881871
189.320620 768.680080
188.197501 759.577325
187.078385 750.572551
185.963248 741.664714
184.852071 732.852782
183.744832 724.135733
182.641509 715.512558
181.542084 706.982257
180.446533 698.543842
179.354839 690.196335
178.266979 681.938771
177.182934 673.770193
176.102684 665.689656
175.026209 657.696223
173.953488 649.788971
172.884504 641.966984
171.819235 634.229356
170.757663 626.575193
169.699769 619.003609
168.645533 611.513728
167.594937 604.104684
166.547961 596.775620
165.504587 589.525687
164.464797 582.354049
163.428571 575.259874
162.395893 568.242344
161.366743 561.300645
160.341103 554.433976
159.318956 547.641543
158.300283 540.922559
157.285068 534.276249
156.273292 527.701843
155.264938 521.198580
154.259989 514.765710
153.258427 508.402487
152.260236 502.108177
151.265398 495.882050
150.273896 489.723387
149.285714 483.631475
148.300836 477.605610
147.319244 471.645093
146.340922 465.749237
145.365854 459.917357
144.394023 454.148779
143.425414 448.442835
142.460011 442.798866
141.497797 437.216216
140.538758 431.694240
139.582876 426.232299
138.630137 420.829758
137.680525 415.485993
136.734025 410.200384
135.790622 404.972319
134.850299 399.801191
133.913043 394.686401
132.978839 389.627355
132.047671 384.623467
131.119524 379.674155
130.194384 374.778847
129.272237 369.936972
128.353068 365.147969
127.436862 360.411282
126.523605 355.726360
125.613283 351.092659
124.705882 346.509640
123.801388 341.976770
122.899787 337.493522
122.001064 333.059373
121.105207 328.673809
120.212202 324.336317
119.322034 320.046394
118.434691 315.803538
117.550158 311.607255
116.668424 307.457056
115.789474 303.352457
114.913295 299.292979
114.039874 295.278147
113.169199 291.307493
112.301255 287.380552
111.436031 283.496866
110.573514 279.655979
109.713691 275.857444
108.856549 272.100814
108.002076 268.385651
107.150259 264.711517
106.301086 261.077984
105.454545 257.484624
104.610624 253.931016
103.769310 250.416742
102.930591 246.941390
102.094456 243.504551
101.260892 240.105820
100.429887 236.744798
99.601431 233.421089
98.775510 230.134301
97.952114 226.884047
97.131231 223.669943
96.312849 220.491610
95.496957 217.348672
94.683544 214.240758
93.872599 211.167500
93.064109 208.128535
92.258065 205.123503
91.454454 202.152047
90.653266 199.213815
89.854491 196.308458
89.058116 193.435631
88.264132 190.594994
87.472527 187.786207
86.683292 185.008936
85.896414 182.262852
85.111885 179.547626
84.329692 176.862934
83.549826 174.208456
82.772277 171.583874
81.997034 168.988875
81.224087 166.423148
80.453425 163.886386
79.685039 161.378284
78.918919 158.898542
78.155054 156.446861
77.393435 154.022947
76.634051 151.626508
75.876893 149.257256
75.121951 146.914904
74.369216 144.599171
73.618677 142.309776
72.870325 140.046443
72.124151 137.808898
71.380145 135.596870
70.638298 133.410090
69.898600 131.248293
69.161041 129.111216
68.425614 126.998600
67.692308 124.910186
66.961114 122.845722
66.232023 120.804954
65.505026 118.787633
64.780115 116.793513
64.057279 114.822349
63.336511 112.873900
62.617801 110.947926
61.901141 109.044192
61.186521 107.162463
60.473934 105.302506
59.763370 103.464093
59.054820 101.646997
58.348277 99.850993
57.643732 98.075859
56.941176 96.321375
56.240602 94.587323
55.541999 92.873488
54.845361 91.179656
54.150679 89.505617
53.457944 87.851161
52.767149 86.216082
52.078285 84.600176
51.391345 83.003239
50.706320 81.425073
50.023202 79.865478
49.341983 78.324258
48.662656 76.801219
47.985213 75.296170
47.309645 73.808919
46.635945 72.339279
45.964105 70.887063
45.294118 69.452087
44.625975 68.034169
43.959670 66.633128
43.295195 65.248785
42.632541 63.880964
41.971702 62.529489
41.312671 61.194188
40.655439 59.874888
40.000000 58.571421
39.346346 57.283619
38.694470 56.011314
38.044364 54.754344
37.396022 53.512544
36.749436 52.285754
36.104599 51.073815
35.461504 49.876569
34.820144 48.693859
34.180512 47.525532
33.542601 46.371434
32.906404 45.231413
32.271914 44.105321
31.639125 42.993008
31.008029 41.894329
30.378619 40.809138
29.750890 39.737290
29.124833 38.678645
28.500444 37.633060
27.877714 36.600398
27.256637 35.580519
26.637207 34.573288
26.019417 33.578569
25.403261 32.596229
24.788732 31.626136
24.175824 30.668158
23.564530 29.722166
22.954844 28.788032
22.346760 27.865628
21.740271 26.954830
21.135371 26.055512
20.532054 25.167552
19.930314 24.290828
19.330144 23.425220
18.731538 22.570607
18.134490 21.726873
17.538995 20.893900
16.945045 20.071573
16.352636 19.259777
15.761761 18.458398
15.172414 17.667326
14.584589 16.886448
13.998280 16.115655
13.413482 15.354839
12.830189 14.603891
12.248394 13.862706
11.668092 13.131177
11.089278 12.409201
10.511945 11.696675
9.936089 10.993496
9.361702 10.299563
8.788780 9.614776
8.217317 8.939036
7.647308 8.272245
7.078747 7.614306
6.511628 6.965124
5.945946 6.324602
5.381695 5.692648
4.818871 5.069167
4.257467 4.454069
3.697479 3.847261
3.138901 3.248653
2.581727 2.658157
2.025952 2.075683
1.471572 1.501145
0.918580 0.934329
0.366972 0.374503
-0.183257 -0.179187
-0.732113 -0.727572
-1.279601 -1.271461
-1.825726 -1.811592
-2.370493 -2.348205
-2.913907 -2.881284
-3.455974 -3.410807
-3.996697 -3.936752
-4.536082 -4.459102
-5.074135 -4.977835
-5.610860 -5.492935
-6.146261 -6.004382
-6.680345 -6.512160
-7.213115 -7.016252
-7.744576 -7.516641
-8.274734 -8.013313
-8.803593 -8.506252
-9.331158 -8.995444
-9.857434 -9.480875
-10.382425 -9.962532
-10.906136 -10.440402
-11.428571 -10.914474
-11.949737 -11.384736
-12.469636 -11.851176
-12.988273 -12.313785
-13.505654 -12.772553
-14.021783 -13.227470
-14.536664 -13.678528
-15.050302 -14.125718
-15.562701 -14.569034
-16.073866 -15.008467
-16.583801 -15.444011
-17.092511 -15.875660
-17.600000 -16.303408
-18.106272 -16.727251
-18.611333 -17.147184
-19.115185 -17.563202
-19.617834 -17.975302
-20.119284 -18.383482
-20.619539 -18.787737
-21.118604 -19.188067
-21.616482 -19.584469
-22.113178 -19.976943
-22.608696 -20.365486
-23.103040 -20.750101
-23.596215 -21.130785
-24.088224 -21.507540
-24.579072 -21.880367
-25.068762 -22.249268
-25.557300 -22.614244
-26.044688 -22.975297
-26.530932 -23.332431
-27.016034 -23.685648
-27.500000 -24.034952
-27.982833 -24.380347
-28.464536 -24.721837
-28.945115 -25.059427
-29.424572 -25.393123
-29.902913 -25.722929
-30.380140 -26.048851
-30.856257 -26.370896
-31.331269 -26.689071
-31.805180 -27.003382
-32.277992 -27.313836
-32.749711 -27.620442
-33.220339 -27.923207
-33.689881 -28.222140
-34.158340 -28.517250
-34.625720 -28.808545
-35.092025 -29.096034
-35.557258 -29.379728
-36.021423 -29.659637
-36.484524 -29.935770
-36.946565 -30.208139
-37.407549 -30.476754
-37.867479 -30.741626
-38.326360 -31.002767
-38.784195 -31.260189
-39.240987 -31.513903
-39.696740 -31.763923
-40.151458 -32.010260
-40.605144 -32.252927
-41.057801 -32.491938
-41.509434 -32.727306
-41.960045 -32.959045
-42.409639 -33.187167
-42.858217 -33.411688
-43.305785 -33.632622
-43.752345 -33.849983
-44.197901 -34.063786
-44.642456 -34.274046
-45.086013 -34.480779
-45.528577 -34.683999
-45.970149 -34.883723
-46.410734 -35.079965
-46.850335 -35.272743
-47.288955 -35.462073
-47.726597 -35.647970
-48.163265 -35.830452
-48.598962 -36.009535
-49.033691 -36.185236
-49.467456 -36.357572
-49.900259 -36.526561
-50.332103 -36.692221
-50.762993 -36.854567
-51.192931 -37.013620
-51.621920 -37.169395
-52.049963 -37.321913
-52.477064 -37.471189
-52.903226 -37.617244
-53.328451 -37.760096
-53.752743 -37.899762
-54.176105 -38.036262
-54.598540 -38.169615
-55.020051 -38.299840
-55.440641 -38.426955
-55.860313 -38.550980
-56.279070 -38.671935
-56.696915 -38.789838
-57.113851 -38.904710
-57.529880 -39.016569
-57.945007 -39.125436
-58.359234 -39.231330
-58.772563 -39.334271
-59.184998 -39.434279
-59.596542 -39.531374
-60.007197 -39.625577
-60.416966 -39.716906
-60.825853 -39.805384
-61.233859 -39.891029
-61.640989 -39.973863
-62.047244 -40.053905
-62.452628 -40.131177
-62.857143 -40.205698
-63.260792 -40.277489
-63.663578 -40.346572
-64.065504 -40.412966
-64.466572 -40.476692
-64.866785 -40.537771
-65.266146 -40.596224
-65.664658 -40.652071
-66.062323 -40.705334
-66.459144 -40.756033
-66.855124 -40.804189
-67.250265 -40.849823
-67.644570 -40.892955
-68.038042 -40.933608
-68.430683 -40.971801
-68.822496 -41.007556
-69.213483 -41.040893
-69.603648 -41.071834
-69.992992 -41.100399
-70.381519 -41.126610
-70.769231 -41.150486
-71.156130 -41.172050
-71.542219 -41.191322
-71.927501 -41.208323
-72.311978 -41.223074
-72.695652 -41.235596
-73.078527 -41.245909
-73.460604 -41.254034
-73.841886 -41.259993
-74.222376 -41.263805
-74.602076 -41.265493
-74.980989 -41.265075
-75.359116 -41.262574
-75.736461 -41.258009
-76.113025 -41.251402
-76.488812 -41.242773
-76.863824 -41.232142
-77.238063 -41.219529
-77.611531 -41.204957
-77.984230 -41.188444
-78.356164 -41.170011
-78.727335 -41.149678
-79.097744 -41.127466
-79.467395 -41.103395
-79.836289 -41.077485
-80.204429 -41.049755
-80.571818 -41.020227
-80.938456 -40.988920
-81.304348 -40.955854
-81.669494 -40.921049
-82.033898 -40.884524
-82.397562 -40.846299
-82.760487 -40.806394
-83.122677 -40.764829
-83.484132 -40.721623
-83.844857 -40.676795
-84.204852 -40.630365
-84.564120 -40.582352
-84.922663 -40.532775
-85.280484 -40.481654
-85.637584 -40.429007
-85.993966 -40.374854
-86.349632 -40.319212
-86.704583 -40.262103
-87.058824 -40.203543
-87.412354 -40.143551
-87.765177 -40.082147
-88.117294 -40.019349
-88.468708 -39.955174
-88.819421 -39.889642
-89.169435 -39.822770
-89.518752 -39.754577
-89.867374 -39.685081
-90.215303 -39.614300
-90.562541 -39.542251
-90.909091 -39.468953
-91.254954 -39.394422
-91.600132 -39.318678
-91.944628 -39.241736
-92.288443 -39.163615
-92.631579 -39.084332
-92.974039 -39.003904
-93.315824 -38.922348
-93.656937 -38.839681
-93.997379 -38.755920
-94.337152 -38.671082
-94.676259 -38.585184
-95.014701 -38.498241
-95.352480 -38.410272
-95.689599 -38.321292
-96.026059 -38.231317
-96.361861 -38.140364
-96.697009 -38.048448
-97.031504 -37.955587
-97.365347 -37.861795
-97.698541 -37.767088
-98.031088 -37.671483
-98.362989 -37.574994
-98.694247 -37.477638
-99.024863 -37.379429
