#FIG 3.2
Landscape
Center
Inches
Letter  
100.00
Single
-2
1200 2
6 1200 1425 2550 2025
2 2 0 3 0 7 50 0 -1 0.000 0 0 -1 0 0 5
	 1275 1500 2475 1500 2475 1950 1275 1950 1275 1500
4 0 0 50 0 0 12 0.0000 4 135 855 1425 1800 UI controls\001
-6
6 1200 7950 2700 8775
2 2 0 3 0 7 50 0 -1 0.000 0 0 -1 0 0 5
	 1275 8025 2625 8025 2625 8700 1275 8700 1275 8025
4 0 0 50 0 0 12 0.0000 4 180 1050 1425 8325 OpenGL pane\001
4 0 0 50 0 0 12 0.0000 4 180 645 1425 8550 graphics\001
-6
6 5325 4050 7875 6225
2 2 0 3 0 7 50 0 -1 0.000 0 0 -1 0 0 5
	 5400 4125 7800 4125 7800 6150 5400 6150 5400 4125
4 0 0 50 0 0 12 0.0000 4 180 840 5625 4575 Interrogate\001
4 0 0 50 0 0 12 0.0000 4 180 570 5625 5625 Change\001
4 0 0 50 0 0 12 0.0000 4 135 390 7200 4575 Read\001
4 0 0 50 0 0 12 0.0000 4 135 435 7125 5625 Write\001
4 0 0 50 0 0 14 0.0000 4 150 555 6225 5175 Model\001
4 0 0 50 0 0 12 0.0000 4 180 450 6225 6000 2d pic\001
-6
6 1200 6075 2700 6900
2 2 0 3 0 7 50 0 -1 0.000 0 0 -1 0 0 5
	 1275 6150 2625 6150 2625 6825 1275 6825 1275 6150
4 0 0 50 0 0 12 0.0000 4 180 1050 1425 6450 OpenGL pane\001
4 0 0 50 0 0 12 0.0000 4 180 915 1425 6675 mouse input\001
-6
6 1125 3675 2250 4425
2 2 0 3 0 7 50 0 -1 0.000 0 0 -1 0 0 5
	 1200 3750 2175 3750 2175 4350 1200 4350 1200 3750
4 0 0 50 0 0 12 0.0000 4 180 585 1350 3975 Scripts/\001
4 0 0 50 0 0 12 0.0000 4 135 585 1350 4200 Macros\001
-6
6 3150 7575 4575 8100
2 2 0 3 0 7 50 0 -1 0.000 0 0 -1 0 0 5
	 3225 7650 4500 7650 4500 8025 3225 8025 3225 7650
4 0 0 50 0 0 12 0.0000 4 135 750 3375 7950 Command\001
-6
6 3675 6975 5100 7500
2 2 0 3 0 7 50 0 -1 0.000 0 0 -1 0 0 5
	 3750 7050 5025 7050 5025 7425 3750 7425 3750 7050
4 0 0 50 0 0 12 0.0000 4 135 750 3900 7350 Command\001
-6
6 4125 6375 5550 6900
2 2 0 3 0 7 50 0 -1 0.000 0 0 -1 0 0 5
	 4200 6450 5475 6450 5475 6825 4200 6825 4200 6450
4 0 0 50 0 0 12 0.0000 4 135 750 4350 6750 Command\001
-6
6 4200 3225 5625 3750
2 2 0 3 0 7 50 0 -1 0.000 0 0 -1 0 0 5
	 4275 3300 5550 3300 5550 3675 4275 3675 4275 3300
4 0 0 50 0 0 12 0.0000 4 135 750 4425 3600 Command\001
-6
6 3675 2625 5100 3150
2 2 0 3 0 7 50 0 -1 0.000 0 0 -1 0 0 5
	 3750 2700 5025 2700 5025 3075 3750 3075 3750 2700
4 0 0 50 0 0 12 0.0000 4 135 750 3900 3000 Command\001
-6
6 3225 2025 4650 2550
2 2 0 3 0 7 50 0 -1 0.000 0 0 -1 0 0 5
	 3300 2100 4575 2100 4575 2475 3300 2475 3300 2100
4 0 0 50 0 0 12 0.0000 4 135 750 3450 2400 Command\001
-6
6 6075 2025 7125 2550
2 2 0 3 0 7 50 0 -1 0.000 0 0 -1 0 0 5
	 6150 2100 7050 2100 7050 2475 6150 2475 6150 2100
4 0 0 50 0 0 12 0.0000 4 135 645 6300 2325 PDB file\001
-6
6 6900 2625 8100 3150
2 2 0 3 0 7 50 0 -1 0.000 0 0 -1 0 0 5
	 6975 2700 8025 2700 8025 3075 6975 3075 6975 2700
4 0 0 50 0 0 12 0.0000 4 135 720 7125 2925 MMP file\001
-6
6 7950 2025 9225 2550
2 2 0 3 0 7 50 0 -1 0.000 0 0 -1 0 0 5
	 8025 2100 9150 2100 9150 2475 8025 2475 8025 2100
4 0 0 50 0 0 12 0.0000 4 135 840 8175 2325 MEML file\001
-6
6 10050 4950 11475 5475
2 2 0 3 0 7 50 0 -1 0.000 0 0 -1 0 0 5
	 10125 5025 11400 5025 11400 5400 10125 5400 10125 5025
4 0 0 50 0 0 12 0.0000 4 180 915 10275 5250 Test scripts\001
-6
6 9900 2250 11400 4650
2 2 0 2 0 7 50 0 -1 0.000 0 0 -1 0 0 5
	 10275 2475 10950 2475 10950 2775 10275 2775 10275 2475
2 2 0 2 0 7 50 0 -1 0.000 0 0 -1 0 0 5
	 10125 2400 11175 2400 11175 3225 10125 3225 10125 2400
2 2 0 2 0 7 50 0 -1 0.000 0 0 -1 0 0 5
	 10200 3825 10875 3825 10875 4125 10200 4125 10200 3825
2 2 0 2 0 7 50 0 -1 0.000 0 0 -1 0 0 5
	 10200 4200 10950 4200 10950 4500 10200 4500 10200 4200
2 2 0 3 0 7 50 0 -1 0.000 0 0 -1 0 0 5
	 9975 2325 11325 2325 11325 4575 9975 4575 9975 2325
4 0 0 50 0 0 12 0.0000 4 135 510 10350 2700 Atoms\001
4 0 0 50 0 0 12 0.0000 4 135 795 10275 3150 Molecules\001
4 0 0 50 0 0 12 0.0000 4 135 900 10200 3600 Assemblies\001
4 0 0 50 0 0 12 0.0000 4 135 555 10275 4050 Motors\001
4 0 0 50 0 0 12 0.0000 4 180 585 10275 4425 Guages\001
-6
6 7500 7875 8775 8775
2 2 0 3 0 7 50 0 -1 0.000 0 0 -1 0 0 5
	 7575 7950 8700 7950 8700 8700 7575 8700 7575 7950
4 0 0 50 0 0 12 0.0000 4 135 435 7875 8250 Photo\001
4 0 0 50 0 0 12 0.0000 4 135 240 7875 8475 file\001
-6
6 10425 5700 11925 6225
2 2 0 3 0 7 50 0 -1 0.000 0 0 -1 0 0 5
	 10500 5775 11850 5775 11850 6150 10500 6150 10500 5775
4 0 0 50 0 0 12 0.0000 4 135 1095 10650 6000 Tabular charts\001
-6
2 1 0 2 0 7 50 0 -1 0.000 0 0 -1 1 0 3
	3 0 2.00 120.00 240.00
	 6600 6150 6600 8325 2625 8325
2 1 0 2 0 7 50 0 -1 0.000 0 0 -1 1 0 2
	3 0 2.00 120.00 240.00
	 6600 8325 7575 8325
2 1 0 2 0 7 50 0 -1 0.000 0 0 -1 1 0 4
	3 0 2.00 120.00 240.00
	 2625 6525 3300 6525 3750 5625 5400 5625
2 1 0 2 0 7 50 0 -1 0.000 0 0 -1 1 0 4
	3 0 2.00 120.00 240.00
	 2625 6300 3150 6300 4050 4575 5400 4575
2 1 0 2 0 7 50 0 -1 0.000 0 0 -1 0 0 3
	 2175 3900 3600 3900 4050 4575
2 1 0 2 0 7 50 0 -1 0.000 0 0 -1 0 0 3
	 2175 4125 3000 4125 3750 5625
2 1 0 2 0 7 50 0 -1 0.000 0 0 -1 0 0 3
	 2475 1875 2550 1875 2550 4125
2 1 0 2 0 7 50 0 -1 0.000 0 0 -1 0 0 3
	 2475 1650 2700 1650 2700 3900
2 1 0 2 0 7 50 0 -1 0.000 0 0 -1 1 0 5
	3 0 2.00 120.00 240.00
	 6300 2475 6300 4050 8550 4050 8550 4500 7800 4500
2 1 0 2 0 7 50 0 -1 0.000 0 0 -1 1 0 5
	3 0 2.00 120.00 240.00
	 7800 5550 8775 5550 8775 3900 6525 3900 6525 2475
2 1 0 2 0 7 50 0 -1 0.000 0 0 -1 1 0 2
	3 0 2.00 120.00 240.00
	 8550 3900 8550 2475
2 1 0 2 0 7 50 0 -1 0.000 0 0 -1 1 0 2
	3 0 2.00 120.00 240.00
	 7425 3900 7425 3075
2 1 0 2 0 7 50 0 -1 0.000 0 0 -1 0 0 2
	 7125 3075 7125 4050
2 1 0 2 0 7 50 0 -1 0.000 0 0 -1 0 0 2
	 8250 2475 8250 4050
2 2 0 3 0 7 50 0 -1 0.000 0 0 -1 0 0 5
	 9675 6900 11400 6900 11400 7650 9675 7650 9675 6900
2 1 0 2 0 7 50 0 -1 0.000 0 0 -1 1 0 2
	3 0 2.00 120.00 240.00
	 10275 5400 10275 6900
2 1 0 2 0 7 50 0 -1 0.000 0 0 -1 1 0 2
	3 0 2.00 120.00 240.00
	 10725 6150 10725 6900
2 1 0 2 0 7 50 0 -1 0.000 0 0 -1 1 0 2
	3 0 2.00 120.00 240.00
	 10875 6900 10875 6150
2 1 0 2 0 7 50 0 -1 0.000 0 0 -1 1 0 4
	3 0 2.00 120.00 240.00
	 7800 5625 8775 5625 8775 7275 9675 7275
2 1 0 2 0 7 50 0 -1 0.000 0 0 -1 1 0 4
	3 0 2.00 120.00 240.00
	 9675 7050 9000 7050 9000 4650 7800 4650
3 0 0 1 0 7 50 0 -1 0.000 0 0 0 4
	 3300 2250 2925 2325 2925 2700 2550 2850
	 0.000 1.000 1.000 0.000
3 0 0 1 0 7 50 0 -1 0.000 0 0 0 4
	 3750 2925 3300 2850 3075 3150 2700 3075
	 0.000 1.000 1.000 0.000
3 0 0 1 0 7 50 0 -1 0.000 0 0 0 4
	 4275 3525 3975 3525 4050 3900 3825 4200
	 0.000 1.000 1.000 0.000
3 0 0 1 0 7 50 0 -1 0.000 0 0 0 4
	 4200 6675 3675 6375 3075 5400 3375 4875
	 0.000 1.000 1.000 0.000
3 0 0 1 0 7 50 0 -1 0.000 0 0 0 3
	 3750 7200 3375 7200 3075 6300
	 0.000 1.000 0.000
3 0 0 1 0 7 50 0 -1 0.000 0 0 0 4
	 3225 7875 2775 7725 3000 7200 2925 6525
	 0.000 1.000 1.000 0.000
3 0 0 1 0 7 50 0 -1 0.000 0 0 0 4
	 10125 2850 9075 2775 7800 3675 6525 3375
	 0.000 1.000 1.000 0.000
3 0 0 1 0 7 50 0 -1 0.000 0 0 0 3
	 6900 3450 6450 3300 6300 3150
	 0.000 1.000 0.000
3 0 0 1 0 7 50 0 -1 0.000 0 0 0 4
	 9975 3525 9300 3525 9150 4050 8550 4200
	 0.000 1.000 1.000 0.000
3 0 0 1 0 7 50 0 -1 0.000 0 0 0 4
	 9975 3750 9525 3825 9225 4275 8775 4350
	 0.000 1.000 1.000 0.000
3 0 0 1 0 7 50 0 -1 0.000 0 0 0 4
	 9975 4425 9675 5100 9750 6225 8775 6675
	 0.000 1.000 1.000 0.000
3 0 0 1 0 7 50 0 -1 0.000 0 0 0 4
	 10125 3000 9300 3150 9675 4500 9000 5100
	 0.000 1.000 1.000 0.000
4 0 0 50 0 0 14 0.0000 4 150 825 9975 7350 Simulator\001
